11110111 1111111 Buoh. 353

11111 111111111 111Η1111111111 11111111 11111, 1111111111111111. (111
Β111111181111111 war 111 11111111 111181111111111111,11111 111 zu

1232111111.1111111111111111111111111161111111111111,1111111 '

1111111111 an 111111 11111111 111111111111111111111111. 01111111111111,
αἴσακος,111111111111811111111111111111111Κ1111,1111111111111
111111111; 11111111111 111 Dichter 11111 811111,11111,1111 (111 1111111
1111 1111111111 Η. 11111 11 111 11111101111111111111 111111),111
Apollo 111111111111111111 11111111, warde der Lorbeorzweig und 111 Κ1111
111 111111111111111111111111111 111111111111111 81111111 111 111

, 111 1111111111 1111111111111111111111Ζ111111111111. So 11111111111111

dem Hesiodus, 111111 111111 1111111, 1111111111111111111111111 11 111
Η111,11111111111111111111111111111111Ζ111111111111111111-
111111111111111111 111 311111111111111111111, 1111111011

, 1111111111 laureo 11111111 Apollinari 11111111(11111 111111111111111111,

11111111 1111111111 112, 9 war), 11111 1111 11111111 1111, im 611111
1111111111Κ1111111111111111111111111116 29 1111131111.
11113111111111111111. Η1111111111111Η1111111111,11111111111
l 1)1111111111“111111,1111 Η 111111 111 unzweideutig m 111 Welt linono,
² 11111 11 11111 1111111111 111111111111111111 11111111 1111111311 (16,
111,11131111111111118111111,111.111Ι1,341111.)111111111111111
1111111111111,1111 111111 1111111 1111111111 1111111111,1111111
11111 sanger 111 (111111 111 [11111111111111111

 

